21049
17181
16949
15847
28219
13955
13842
26790
17118
16248
8729
18722
14756
232
10140
4965
12526
10361
12638
27390
28343
22340
7600
21261
6435
7778
3106
23117
25077
5871
23556
23217
15000
29313
25702
15806
5975
16716
5685
21708
24095
14721
28352
19272
8087
20814
8064
29029
15522
4718
13113
24799
4930
8454
4154
22882
4530
18982
9764
16833
10660
28561
5277
6077
7418
28096
27535
5125
23170
22096
12978
7551
9963
28313
29539
11126
3130
18146
29611
19888
149
28468
2059
27453
4110
2463
5432
2027
452
15066
16091
22644
11376
12976
3949
15797
17679
20475
12042
25483
21154
20669
11239
24603
24131
8397
5037
25887
4984
18345
16694
6040
22491
7352
21336
18271
27609
12414
26922
23618
1684
29730
19921
12432
2109
16826
12185
20313
9470
7470
12297
28651
4036
17045
6470
10678
18583
16835
17942
505
28476
11350
4314
26305
27662
28503
6548
11921
26828
25069
21421
27016
22327
27231
23177
15625
14135
12386
15307
29613
29540
18772
14849
18642
13525
23988
3569
4147
19626
5385
19723
28669
10847
6010
29226
25154
7261
28736
2099
18915
13824
5411
22011
6790
16700
12746
9245
9119
3971
20327
21462
29287
1871
27764
891
3070
28723
28056
16276
24707