29565
4810
6102
22183
10501
11117
9747
21215
11879
15892
15166
25644
19161
22753
20056
4945
11672
17451
18549
5024
3796
18416
28591
17804
4266
909
28821
11227
28210
22537
24315
20349
4280
532
12403
19913
28203
25125
26441
24022
27906
9200
1079
22335
14744
4183
14772
11926
14384
8518
16064
16807
1512
26387
24415
2352
8789
10436
18927
3185
6653
2765
23787
18007
27092
4048
1072
4704
328
26826
17511
9317
24852
16163
7743
7684
6597
20827
12095
16773
7880
24892
27499
20345
13966
29566
7989
27666
8683
25244
6535
16445
20516
8072
2513
13298
15070
2433
29322
15800
21902
11802
11425
17300
3155
1328
26105
2044
29352
629
27899
6015
29406
13578
3410
19691
13764
28913
3612
13014
24128
17059
22594
24553
6570
9800
24973
23536
7526
23897
26444
473
1972
22956
19376
10249
12875
17888
17226
13432
9324
21833
12967
27611
23978
1770
29312
12360
9904
21396
26301
16495
9321
13134
2439
23572
3398
19982
23038
6278
3835
6143
3006
15817
1806
18164
24881
12613
15002
7797
18702
2047
991
10077
22421
20424
26879
124
6622
8518
6391
28858
19237
1248
5826
12074
15755
3012
9349
8587
8185
17957
1146
1048
9607
10684
13154
18329
9706
27372
